ВАРИАНТ 1
Задания 1-2
X=(-0.23,-1.03,-4.11,-0.65,-2.58,-0.79,-1.53,-0.18,-2.79,-1.97,-2.21,-1.59,-0.22,-3.18,-1.18,-1.42,-1.29,-2.22,-0.82,-1.87,-2.30,-0.94,-0.74,-2.45,-1.40,-2.09,-0.68,0.02,-1.80,-2.25,-1.19,-2.17,-1.89,-1.14,-1.50,-1.76,-0.69,-2.21,-1.65,-1.51,-2.11,-2.24,-0.72,0.94,-0.67,-2.44,-2.27,-1.33,-3.03,-0.42,-2.86,-2.00,-1.37,-1.90,-2.80,-0.89,-2.04,-1.66,-0.14,-2.79,-0.21,-1.29,-2.81,-0.29,-1.55,-0.45,-1.16,-3.96,-3.77,-3.36,-1.81,0.13,-2.61,-3.69,-3.00,-2.61,-0.74,-0.41,-0.78,-1.49,-1.89,-1.24,-0.00,-2.72,-1.69,-1.25,-1.59,0.20,-1.08,-2.42,-3.14,-2.54,-2.09,-2.51,-2.65,-2.42,-1.30,-0.65,1.40,-2.33,-1.97,-0.54,-1.13,-2.04,0.77,-1.03,-1.55,-1.47,-0.09,-2.11,-2.08,-1.79,-1.36,-1.92,-3.04,-1.08,-1.67,-2.11,-1.99,-1.64)
Задание 3
T=(-5.00,-4.80,-4.60,-4.40,-4.20,-4.00,-3.80,-3.60,-3.40,-3.20,-3.00,-2.80,-2.60,-2.40,-2.20,-2.00,-1.80,-1.60,-1.40,-1.20,-1.00,-0.80,-0.60,-0.40,-0.20,0.00,0.20,0.40,0.60,0.80,1.00,1.20,1.40,1.60,1.80,2.00,2.20,2.40,2.60,2.80,3.00,3.20,3.40,3.60,3.80,4.00,4.20,4.40,4.60,4.80,5.00,5.20,5.40,5.60,5.80,6.00,6.20,6.40,6.60,6.80,7.00)
Y=(197.43,183.86,178.27,161.81,140.28,118.66,117.68,103.34,88.89,72.14,67.75,57.64,51.03,39.72,29.88,31.69,17.22,23.26,7.05,4.66,-5.12,0.40,7.94,2.95,-0.36,-7.17,-4.61,10.91,-5.12,13.11,7.01,19.83,19.63,30.48,21.92,39.36,47.14,54.18,64.60,80.99,82.72,110.69,122.67,137.00,153.09,145.66,170.25,197.83,214.42,222.67,251.72,256.63,280.05,302.21,323.86,349.56,367.37,399.31,419.74,442.23,470.16)


 ВАРИАНТ 2
Задания 1-2
X=(0.70,-0.35,-0.23,-1.18,-0.75,0.41,-0.71,0.97,-2.54,-1.50,1.73,-0.83,-1.13,-0.00,-0.40,1.23,-0.14,-1.38,0.01,-1.65,0.02,-1.61,0.46,1.19,-1.30,0.32,1.19,-0.03,-0.31,-1.64,-0.24,0.30,-0.66,-1.31,-0.65,0.63,-0.27,1.04,0.20,0.31,0.24,1.27,-0.17,-0.62,0.03,-1.75,-2.26,-0.03,-0.27,-0.17,0.10,-0.14,0.09,0.53,-0.78,-0.86,0.35,-0.72,-0.41,0.38,-0.91,-0.41,-1.10,-1.00,0.39,-0.06,0.32,-1.58,-0.14,-0.90,-1.84,0.00,-0.10,-1.14,-0.14,0.82,-2.55,-2.79,-0.02,-0.66,-0.05,-0.15,-1.68,1.62,0.21,-0.01,-0.33,0.68,1.80,-0.29,-0.74,-0.38,-2.67,-1.53,-0.48,0.66,-0.56,0.28,0.70,1.01,0.53,0.93,-1.27,-1.37,-0.29,-2.18,-1.02,0.21,0.19,1.75,-0.01,0.30,-0.73,0.34,-0.23,1.13,-1.13,-0.96,0.37,0.14)
Задание 3
T=(-5.00,-4.80,-4.60,-4.40,-4.20,-4.00,-3.80,-3.60,-3.40,-3.20,-3.00,-2.80,-2.60,-2.40,-2.20,-2.00,-1.80,-1.60,-1.40,-1.20,-1.00,-0.80,-0.60,-0.40,-0.20,0.00,0.20,0.40,0.60,0.80,1.00,1.20,1.40,1.60,1.80,2.00,2.20,2.40,2.60,2.80,3.00,3.20,3.40,3.60,3.80,4.00,4.20,4.40,4.60,4.80,5.00,5.20,5.40,5.60,5.80,6.00,6.20,6.40,6.60,6.80,7.00)
Y=(-217.20,-198.58,-190.56,-169.78,-161.21,-142.92,-125.03,-96.20,-119.56,-88.24,-76.31,-72.98,-65.20,-63.61,-42.55,-47.65,-30.06,-27.50,-16.43,-17.70,-13.39,-11.78,4.09,-6.36,-11.19,3.03,-13.31,0.23,3.00,-6.03,0.10,-16.02,-4.39,-6.34,-17.59,-39.34,-38.89,-44.95,-43.50,-46.01,-73.25,-64.62,-81.79,-86.02,-111.45,-116.46,-142.02,-142.38,-148.94,-163.01,-189.59,-208.73,-216.31,-237.48,-235.97,-267.14,-279.62,-312.59,-329.20,-360.14,-369.02)


 ВАРИАНТ 3
Задания 1-2
X=(-0.45,-0.33,2.92,-1.25,-1.20,0.05,-0.53,-0.19,1.49,0.67,0.22,1.23,0.50,-0.92,0.90,-1.52,-0.15,-1.24,-0.47,-0.45,0.18,-0.05,1.58,1.74,2.37,-0.24,-1.34,1.05,1.28,1.37,1.18,0.22,0.11,0.28,-0.64,-0.39,-1.77,-1.61,0.47,0.77,-0.27,-1.19,-0.25,1.04,-0.16,0.42,0.29,0.10,1.04,0.43,-0.67,0.41,-0.62,-1.49,1.46,-2.77,2.09,0.88,-0.36,-0.71,-0.62,1.34,-0.78,-0.15,2.69,0.92,1.68,-0.12,0.34,0.74,1.72,1.24,0.23,0.76,0.87,-1.52,0.63,-0.56,0.83,0.31,-0.18,0.99,-1.01,0.58,1.21,-1.51,0.65,0.35,-0.37,-0.50,-0.73,0.63,0.33,1.56,-0.98,0.85,0.56,-1.07,1.47,1.44,1.91,0.24,1.34,0.99,1.27,0.11,0.22,-0.25,0.35,-0.03,-0.56,-0.79,2.41,-0.45,-0.44,0.07,0.64,0.69,0.10,-0.28)
Задание 3
T=(-5.00,-4.80,-4.60,-4.40,-4.20,-4.00,-3.80,-3.60,-3.40,-3.20,-3.00,-2.80,-2.60,-2.40,-2.20,-2.00,-1.80,-1.60,-1.40,-1.20,-1.00,-0.80,-0.60,-0.40,-0.20,0.00,0.20,0.40,0.60,0.80,1.00,1.20,1.40,1.60,1.80,2.00,2.20,2.40,2.60,2.80,3.00,3.20,3.40,3.60,3.80,4.00,4.20,4.40,4.60,4.80,5.00,5.20,5.40,5.60,5.80,6.00,6.20,6.40,6.60,6.80,7.00)
Y=(168.04,134.84,151.80,122.02,124.47,99.41,83.67,79.85,67.28,49.34,38.70,37.60,56.74,39.18,14.90,18.16,5.57,20.01,7.47,-0.83,-4.27,6.99,-5.98,0.06,5.12,4.25,11.96,-3.26,11.99,1.46,6.77,7.04,20.57,17.30,11.79,27.22,41.66,37.30,54.07,60.48,69.80,99.22,92.88,90.04,115.74,109.33,124.73,155.13,151.89,177.92,188.00,193.02,215.24,227.41,250.07,248.79,286.57,294.65,326.11,341.49,351.17)


 ВАРИАНТ 4
Задания 1-2
X=(3.89,2.60,2.56,2.33,4.35,3.97,4.16,4.10,4.82,3.17,4.15,4.05,4.45,3.76,4.83,4.27,2.03,3.13,3.69,5.44,2.61,5.20,4.03,5.26,4.42,3.67,4.68,5.22,4.11,3.35,3.83,5.34,4.69,5.12,4.33,4.41,4.82,4.65,3.12,4.71,2.36,3.10,3.52,1.74,3.46,2.89,5.42,4.12,5.36,4.26,3.49,5.85,5.24,4.23,4.57,3.54,4.38,4.31,2.28,4.17,3.66,5.25,3.11,4.48,3.80,4.05,3.48,1.12,2.16,4.68,4.21,3.22,4.29,4.70,4.37,4.60,4.15,4.06,3.81,3.58,4.34,3.87,4.53,6.02,3.34,3.34,2.87,4.64,3.03,3.08,3.46,4.04,4.77,3.59,3.49,6.53,4.16,2.95,4.85,5.53,3.59,4.24,4.45,4.42,4.10,3.77,4.56,3.89,4.13,4.00,3.95,2.73,4.76,3.19,3.66,4.87,4.18,5.30,4.97,4.56)
Задание 3
T=(-5.00,-4.80,-4.60,-4.40,-4.20,-4.00,-3.80,-3.60,-3.40,-3.20,-3.00,-2.80,-2.60,-2.40,-2.20,-2.00,-1.80,-1.60,-1.40,-1.20,-1.00,-0.80,-0.60,-0.40,-0.20,0.00,0.20,0.40,0.60,0.80,1.00,1.20,1.40,1.60,1.80,2.00,2.20,2.40,2.60,2.80,3.00,3.20,3.40,3.60,3.80,4.00,4.20,4.40,4.60,4.80,5.00,5.20,5.40,5.60,5.80,6.00,6.20,6.40,6.60,6.80,7.00)
Y=(-155.35,-146.13,-145.61,-125.74,-120.56,-118.25,-111.65,-84.09,-87.31,-68.93,-64.05,-55.13,-50.51,-42.08,-41.60,-47.67,-36.00,-21.04,-8.70,-22.47,-12.20,3.35,7.27,2.24,-10.17,10.68,17.90,-11.98,18.12,3.24,-17.59,-5.98,-4.02,-16.14,-18.53,-23.81,-32.92,-38.68,-29.55,-35.21,-64.41,-63.48,-78.92,-49.45,-80.96,-81.60,-92.83,-114.44,-112.64,-137.53,-147.15,-139.70,-158.70,-179.76,-193.10,-203.60,-205.70,-239.25,-246.38,-257.21,-274.65)


 ВАРИАНТ 5
Задания 1-2
X=(-4.58,-5.10,-4.24,-4.82,-6.05,-4.05,-4.48,-4.65,-3.67,-4.01,-3.22,-5.79,-4.20,-5.36,-5.16,-4.31,-3.91,-4.04,-5.65,-5.78,-4.03,-5.15,-4.89,-4.60,-5.71,-5.67,-4.40,-5.10,-5.29,-3.90,-3.77,-5.47,-5.57,-5.91,-3.62,-2.45,-3.13,-5.60,-4.35,-3.36,-3.87,-4.78,-5.72,-4.66,-4.34,-4.60,-5.24,-4.43,-5.15,-5.45,-3.22,-4.61,-5.65,-5.63,-4.73,-3.82,-4.34,-4.98,-6.43,-4.25,-4.66,-5.49,-4.98,-6.10,-4.44,-5.25,-4.89,-2.97,-7.26,-4.14,-4.45,-5.93,-3.49,-3.96,-5.66,-5.04,-5.40,-4.89,-4.61,-4.01,-5.44,-2.76,-4.97,-3.87,-4.33,-5.28,-5.63,-3.94,-4.56,-4.67,-5.35,-4.89,-3.79,-6.25,-4.38,-4.28,-4.48,-4.16,-5.67,-5.34,-4.78,-4.33,-4.89,-3.16,-4.88,-5.40,-4.64,-4.84,-6.72,-5.25,-3.27,-6.44,-3.49,-5.92,-5.21,-3.88,-5.08,-3.50,-6.80,-5.87)
Задание 3
T=(-5.00,-4.80,-4.60,-4.40,-4.20,-4.00,-3.80,-3.60,-3.40,-3.20,-3.00,-2.80,-2.60,-2.40,-2.20,-2.00,-1.80,-1.60,-1.40,-1.20,-1.00,-0.80,-0.60,-0.40,-0.20,0.00,0.20,0.40,0.60,0.80,1.00,1.20,1.40,1.60,1.80,2.00,2.20,2.40,2.60,2.80,3.00,3.20,3.40,3.60,3.80,4.00,4.20,4.40,4.60,4.80,5.00,5.20,5.40,5.60,5.80,6.00,6.20,6.40,6.60,6.80,7.00)
Y=(111.70,86.83,95.51,86.58,89.21,78.45,50.54,50.71,48.39,45.40,37.92,25.05,43.82,47.66,8.51,17.81,8.65,10.03,2.37,-12.21,23.07,9.18,-0.68,10.41,9.50,20.04,-9.11,-3.11,1.44,-5.30,-2.15,12.48,20.09,12.04,29.03,33.38,27.35,38.71,73.29,42.16,36.86,60.06,65.09,64.56,98.42,90.53,93.12,93.26,103.38,120.19,138.48,149.74,155.27,152.96,171.47,206.36,218.09,223.68,235.51,237.53,229.17)


 ВАРИАНТ 6
Задания 1-2
X=(-0.68,0.71,2.27,0.38,0.14,0.06,1.21,-0.59,0.44,1.98,1.00,-0.88,-0.08,1.87,-0.74,0.83,-1.45,0.58,0.48,3.26,0.02,0.26,2.96,1.78,0.58,0.08,-1.60,1.26,1.28,-0.36,0.15,-0.38,-1.04,0.95,-2.17,-0.30,1.09,0.39,1.06,0.98,-2.55,2.62,-1.58,3.75,-1.43,0.92,2.75,-0.55,1.48,-0.96,0.50,2.67,-0.58,0.41,-0.46,-0.48,1.68,-0.08,1.76,0.08,-1.15,0.66,1.54,0.17,-0.20,1.34,1.08,1.59,-0.05,0.15,-0.35,0.58,-0.87,1.73,-0.27,0.00,-0.67,0.13,1.75,-0.59,1.31,1.20,0.53,0.14,-0.35,1.00,-0.01,0.21,1.58,-0.02,1.28,1.34,-1.66,0.30,0.08,0.66,-0.26,1.54,1.22,1.24,0.11,0.79,-0.83,1.41,0.17,0.55,1.60,1.26,1.06,0.39,-0.77,1.49,0.92,-1.58,1.19,0.13,0.26,-2.14,0.08,-1.75)
Задание 3
T=(-5.00,-4.80,-4.60,-4.40,-4.20,-4.00,-3.80,-3.60,-3.40,-3.20,-3.00,-2.80,-2.60,-2.40,-2.20,-2.00,-1.80,-1.60,-1.40,-1.20,-1.00,-0.80,-0.60,-0.40,-0.20,0.00,0.20,0.40,0.60,0.80,1.00,1.20,1.40,1.60,1.80,2.00,2.20,2.40,2.60,2.80,3.00,3.20,3.40,3.60,3.80,4.00,4.20,4.40,4.60,4.80,5.00,5.20,5.40,5.60,5.80,6.00,6.20,6.40,6.60,6.80,7.00)
Y=(-114.17,-90.26,-92.00,-85.09,-65.94,-79.13,-67.62,-51.80,-45.03,-37.96,-29.14,-33.75,-40.27,-16.93,-33.73,-17.46,-12.27,-25.07,-10.60,2.25,11.74,10.09,-7.43,-10.10,7.69,0.12,8.42,-6.26,6.66,-9.96,25.96,2.46,-2.55,-6.79,-0.25,19.60,-27.46,-23.14,-25.77,-30.17,-29.22,-21.52,-23.32,-66.89,-65.10,-52.46,-43.20,-65.96,-98.44,-62.12,-84.77,-83.39,-134.30,-117.68,-114.84,-131.37,-129.17,-147.44,-169.87,-150.66,-171.04)


 ВАРИАНТ 7
Задания 1-2
X=(-1.12,-1.06,0.46,-0.39,0.09,-1.44,-1.64,0.86,-0.24,-1.71,-0.84,-1.19,-0.84,-0.55,-1.11,-1.84,-0.60,-0.92,-0.69,0.23,0.51,-2.41,-0.53,-1.41,-0.23,-0.89,-0.13,-1.50,0.02,0.27,-0.75,-0.06,-0.48,0.14,0.20,-2.22,-1.42,-0.54,0.83,-1.77,-0.10,-0.07,-0.94,-0.13,-1.76,-0.77,-1.26,-0.29,-1.11,-0.56,1.19,-0.92,-2.02,-1.94,-0.36,-2.09,-2.51,-1.82,0.39,-2.08,-0.60,-1.38,-1.12,-0.34,0.77,-1.34,0.24,-0.30,-1.67,-1.50,-0.77,-0.10,-0.39,-0.35,-2.23,-0.84,-0.85,-0.44,-0.20,-1.76,-0.91,-1.30,-2.03,-2.50,1.08,0.19,0.03,1.17,-0.05,-2.88,-1.13,-0.05,-1.37,-0.22,0.88,-1.04,-0.52,-1.64,-0.43,-0.09,-2.44,-0.78,-2.48,-1.16,-0.44,-0.34,-0.60,-0.11,-0.41,-0.04,-1.09,-1.81,-0.74,-1.07,-1.07,-0.68,-0.36,-0.65,-1.72,-0.49)
Задание 3
T=(-5.00,-4.80,-4.60,-4.40,-4.20,-4.00,-3.80,-3.60,-3.40,-3.20,-3.00,-2.80,-2.60,-2.40,-2.20,-2.00,-1.80,-1.60,-1.40,-1.20,-1.00,-0.80,-0.60,-0.40,-0.20,0.00,0.20,0.40,0.60,0.80,1.00,1.20,1.40,1.60,1.80,2.00,2.20,2.40,2.60,2.80,3.00,3.20,3.40,3.60,3.80,4.00,4.20,4.40,4.60,4.80,5.00,5.20,5.40,5.60,5.80,6.00,6.20,6.40,6.60,6.80,7.00)
Y=(60.04,53.30,64.30,38.69,45.09,35.90,40.97,28.24,19.34,28.29,1.29,9.46,22.56,-6.15,20.91,-6.18,3.08,-6.44,0.88,-6.90,8.75,-22.77,-0.31,8.69,0.22,-7.15,4.37,-11.68,-3.83,20.97,22.34,-26.20,0.24,28.69,19.11,-1.42,16.63,0.24,21.37,37.15,19.94,55.02,45.88,32.03,53.87,64.51,66.97,71.90,79.23,69.77,73.69,89.20,121.46,117.89,112.34,122.10,109.92,118.59,162.40,162.68,188.49)


 ВАРИАНТ 8
Задания 1-2
X=(7.76,6.34,5.11,7.62,8.84,4.68,8.65,6.90,8.79,6.61,6.62,7.13,6.75,7.28,7.74,7.08,5.57,8.20,7.78,7.92,6.00,4.88,6.75,6.56,7.48,8.51,9.06,6.94,6.93,7.79,5.71,5.93,6.81,5.76,5.88,7.05,7.22,6.67,5.59,6.57,7.28,6.22,6.31,5.51,6.69,7.12,7.40,6.86,7.28,6.82,7.08,7.52,6.81,7.55,4.89,5.48,7.74,5.10,8.17,7.67,7.07,5.80,6.10,7.15,7.88,9.06,6.85,4.88,6.74,8.76,8.53,6.72,7.21,7.42,8.29,8.56,9.25,6.63,7.49,6.67,6.79,5.19,8.20,7.97,8.64,7.36,6.72,5.90,5.53,6.44,7.35,5.18,8.25,5.68,6.29,6.69,6.08,7.42,7.10,7.14,7.10,6.60,6.35,5.99,6.17,9.05,6.01,7.77,6.27,5.81,7.80,9.89,4.39,6.83,6.53,8.15,6.68,6.87,6.31,6.83)
Задание 3
T=(-5.00,-4.80,-4.60,-4.40,-4.20,-4.00,-3.80,-3.60,-3.40,-3.20,-3.00,-2.80,-2.60,-2.40,-2.20,-2.00,-1.80,-1.60,-1.40,-1.20,-1.00,-0.80,-0.60,-0.40,-0.20,0.00,0.20,0.40,0.60,0.80,1.00,1.20,1.40,1.60,1.80,2.00,2.20,2.40,2.60,2.80,3.00,3.20,3.40,3.60,3.80,4.00,4.20,4.40,4.60,4.80,5.00,5.20,5.40,5.60,5.80,6.00,6.20,6.40,6.60,6.80,7.00)
Y=(-43.28,-62.86,-49.90,-51.94,-41.81,-35.14,-21.08,-37.00,-26.17,-65.29,-24.23,-11.41,-5.62,-29.33,-6.27,0.01,-12.12,-30.92,-5.35,-5.23,4.87,-6.68,-15.74,-24.97,0.49,14.19,1.96,14.01,31.69,15.67,11.09,-24.44,10.40,17.25,3.01,4.04,4.89,2.67,-36.25,7.02,8.53,-16.36,-18.73,3.37,-7.83,-11.60,-1.87,-48.24,-31.47,-14.93,-42.37,-41.15,-25.51,-63.77,-55.48,-53.10,-66.35,-48.43,-62.70,-58.05,-91.93)


 ВАРИАНТ 9
Задания 1-2
X=(-8.47,-7.45,-7.12,-8.30,-8.15,-6.01,-5.20,-7.38,-6.76,-9.18,-6.00,-8.08,-7.96,-8.34,-6.82,-8.46,-8.07,-7.04,-7.24,-8.16,-8.20,-8.27,-7.79,-7.37,-7.02,-7.13,-6.99,-7.65,-8.18,-6.71,-8.41,-6.71,-7.04,-9.15,-7.74,-10.11,-8.20,-7.07,-7.63,-8.99,-6.62,-6.23,-7.13,-6.41,-7.06,-7.72,-8.44,-8.85,-8.02,-6.98,-6.08,-7.20,-7.48,-7.82,-9.19,-8.31,-7.95,-7.97,-6.66,-6.59,-9.10,-7.87,-9.02,-8.77,-7.62,-9.44,-8.05,-7.60,-7.33,-6.94,-8.51,-7.39,-6.44,-8.88,-8.21,-7.66,-6.91,-8.39,-7.37,-7.26,-6.04,-7.58,-7.28,-7.02,-7.10,-7.33,-8.63,-8.21,-7.12,-8.11,-9.03,-8.11,-8.79,-9.22,-7.32,-5.97,-7.26,-6.39,-7.64,-8.38,-7.67,-7.70,-7.70,-8.95,-6.25,-8.09,-7.85,-8.10,-7.73,-6.78,-7.78,-8.20,-8.88,-8.51,-7.45,-7.14,-6.63,-7.38,-7.72,-6.25)
Задание 3
T=(-5.00,-4.80,-4.60,-4.40,-4.20,-4.00,-3.80,-3.60,-3.40,-3.20,-3.00,-2.80,-2.60,-2.40,-2.20,-2.00,-1.80,-1.60,-1.40,-1.20,-1.00,-0.80,-0.60,-0.40,-0.20,0.00,0.20,0.40,0.60,0.80,1.00,1.20,1.40,1.60,1.80,2.00,2.20,2.40,2.60,2.80,3.00,3.20,3.40,3.60,3.80,4.00,4.20,4.40,4.60,4.80,5.00,5.20,5.40,5.60,5.80,6.00,6.20,6.40,6.60,6.80,7.00)
Y=(-25.99,38.24,-11.07,14.25,-22.82,-2.62,37.15,7.83,16.99,-12.02,4.67,8.40,11.24,8.86,-19.35,-9.47,30.49,-27.56,-10.40,18.96,12.34,-35.20,8.09,-9.61,7.50,-9.75,6.18,-4.94,21.15,8.56,6.97,4.55,-21.35,3.54,16.34,3.80,9.70,9.77,14.24,10.65,-31.31,15.08,-5.82,16.72,45.74,26.04,26.13,33.95,10.97,29.66,-9.69,39.43,32.79,56.00,37.38,25.30,43.49,74.84,57.09,51.28,51.58)


 ВАРИАНТ 10
Задания 1-2
X=(1.52,1.26,2.17,1.75,-0.19,2.24,2.76,1.52,1.89,3.10,2.61,1.18,1.83,1.85,3.39,2.31,2.99,1.61,2.57,1.81,1.73,1.89,-0.00,2.27,1.61,2.57,2.54,1.67,1.49,0.12,-0.04,1.36,2.04,2.04,-0.05,0.67,1.32,0.78,0.89,2.73,1.51,1.48,1.67,2.18,1.70,4.20,1.81,2.66,1.72,0.77,3.16,1.86,3.66,4.30,0.98,3.00,0.99,1.72,2.71,2.47,2.56,1.99,0.23,0.66,2.47,2.71,2.28,2.59,3.30,2.08,0.90,0.49,2.38,0.71,0.10,1.50,0.21,0.44,3.94,1.50,1.70,-0.73,1.76,2.71,1.95,-0.71,1.32,3.95,2.64,-0.04,3.24,1.67,2.31,0.18,0.79,3.26,3.44,2.64,0.89,2.47,4.02,2.12,0.61,2.59,1.44,1.82,2.94,3.03,1.97,2.30,0.80,0.52,1.21,2.13,2.82,1.56,2.84,3.54,0.86,0.42)
Задание 3
T=(-5.00,-4.80,-4.60,-4.40,-4.20,-4.00,-3.80,-3.60,-3.40,-3.20,-3.00,-2.80,-2.60,-2.40,-2.20,-2.00,-1.80,-1.60,-1.40,-1.20,-1.00,-0.80,-0.60,-0.40,-0.20,0.00,0.20,0.40,0.60,0.80,1.00,1.20,1.40,1.60,1.80,2.00,2.20,2.40,2.60,2.80,3.00,3.20,3.40,3.60,3.80,4.00,4.20,4.40,4.60,4.80,5.00,5.20,5.40,5.60,5.80,6.00,6.20,6.40,6.60,6.80,7.00)
Y=(-13.18,-18.02,0.11,-36.04,-11.03,-3.80,-20.37,-16.86,23.98,-42.97,6.27,-3.10,-7.41,22.88,9.97,-17.04,15.72,27.22,-14.94,-21.59,-22.37,7.22,-6.36,1.42,16.40,0.12,-6.69,3.40,20.34,-34.74,-1.17,-5.81,-14.43,3.48,15.43,19.34,-1.71,44.73,3.59,0.63,-0.38,6.55,5.44,22.56,46.58,16.99,30.60,1.94,-13.55,-13.93,-1.99,2.91,5.50,25.73,16.55,1.73,34.52,27.42,5.77,3.42,24.70)


 ВАРИАНТ 11
Задания 1-2
X=(-2.54,-0.79,-4.27,-3.09,-3.82,-0.61,-0.64,-1.24,-1.73,-2.91,-1.48,-1.28,-0.37,-1.88,-2.19,-1.61,-1.52,-3.17,-1.36,-3.08,-3.11,-3.07,-1.57,-1.51,-2.37,-0.58,-3.05,-2.93,-1.01,-1.40,-2.06,-3.05,-1.84,-1.24,-1.89,-2.06,-1.59,-2.83,-1.07,-2.96,-3.17,-3.08,-0.49,-3.11,-3.14,-2.30,-3.99,-1.56,-1.28,-3.46,-2.63,-0.82,-2.18,-0.89,-3.08,-1.13,-1.62,-1.06,-2.98,-1.55,-1.49,-1.65,-1.45,-2.29,-0.85,-1.44,-2.87,-2.40,-2.13,-3.52,-1.42,-3.64,-3.47,-2.05,-2.39,-2.07,-0.80,-1.52,-3.92,-2.22,-0.78,-2.60,-1.78,-1.61,-1.65,-2.06,-3.33,-3.41,-1.97,-1.74,-2.04,0.01,-1.37,-3.15,-2.35,-3.66,-1.79,-2.56,-1.87,-1.06,-0.64,-2.49,-1.85,-1.40,-0.86,-0.17,-0.62,-2.85,-2.12,-1.17,-2.48,-1.65,-3.74,-2.87,-3.15,-1.89,-1.34,-4.33,-0.96,-1.79)
Задание 3
T=(-5.00,-4.80,-4.60,-4.40,-4.20,-4.00,-3.80,-3.60,-3.40,-3.20,-3.00,-2.80,-2.60,-2.40,-2.20,-2.00,-1.80,-1.60,-1.40,-1.20,-1.00,-0.80,-0.60,-0.40,-0.20,0.00,0.20,0.40,0.60,0.80,1.00,1.20,1.40,1.60,1.80,2.00,2.20,2.40,2.60,2.80,3.00,3.20,3.40,3.60,3.80,4.00,4.20,4.40,4.60,4.80,5.00,5.20,5.40,5.60,5.80,6.00,6.20,6.40,6.60,6.80,7.00)
Y=(-23.33,-51.17,-9.60,-25.13,35.42,-29.66,-16.56,-26.60,-9.52,-55.24,-26.38,-9.29,-30.18,-13.03,-2.67,-44.04,-22.10,14.26,1.90,15.23,-10.97,16.15,41.97,2.41,14.54,47.54,-1.73,19.05,-16.56,19.20,-13.71,-7.97,-35.79,4.26,12.11,8.49,-22.74,13.50,-40.73,-21.16,-19.63,10.61,-6.27,-31.38,-10.91,-9.06,-27.11,-15.97,-12.55,-37.36,-22.32,-12.61,-21.23,-10.29,-28.08,-40.09,-33.55,1.42,-4.48,-30.29,-62.62)


 ВАРИАНТ 12
Задания 1-2
X=(11.89,9.60,9.29,10.06,9.50,8.93,9.58,6.81,8.69,9.62,9.01,10.59,10.50,11.53,9.94,8.84,8.91,6.90,9.76,7.09,11.29,11.25,10.84,10.76,7.42,8.49,10.10,8.79,11.87,8.77,9.43,12.41,9.75,8.53,9.72,9.45,7.20,9.23,8.93,9.15,10.19,9.57,11.09,9.97,8.81,10.73,9.57,8.53,9.21,10.08,9.10,11.03,10.10,9.47,9.72,9.60,8.21,7.78,10.21,8.99,9.14,8.60,9.14,10.95,9.33,9.98,9.09,10.35,8.61,9.35,10.04,7.85,9.64,9.99,9.65,10.89,9.08,8.60,7.56,9.27,10.33,10.09,8.51,9.86,9.24,9.63,8.67,8.85,11.57,9.85,9.27,9.69,10.90,8.84,11.10,8.19,9.26,9.93,10.15,8.42,9.36,9.93,9.11,9.07,7.21,8.22,9.08,8.88,8.71,9.93,12.04,10.41,10.80,7.17,9.00,9.46,10.42,10.43,8.38,9.01)
Задание 3
T=(-5.00,-4.80,-4.60,-4.40,-4.20,-4.00,-3.80,-3.60,-3.40,-3.20,-3.00,-2.80,-2.60,-2.40,-2.20,-2.00,-1.80,-1.60,-1.40,-1.20,-1.00,-0.80,-0.60,-0.40,-0.20,0.00,0.20,0.40,0.60,0.80,1.00,1.20,1.40,1.60,1.80,2.00,2.20,2.40,2.60,2.80,3.00,3.20,3.40,3.60,3.80,4.00,4.20,4.40,4.60,4.80,5.00,5.20,5.40,5.60,5.80,6.00,6.20,6.40,6.60,6.80,7.00)
Y=(31.07,42.98,28.93,43.97,20.12,8.36,17.68,18.95,18.35,-4.24,26.87,17.80,19.88,-8.63,27.53,53.26,-3.64,22.55,-2.96,15.50,-22.83,15.96,12.57,27.85,26.73,-28.06,-15.05,-15.16,11.91,-17.57,15.89,27.85,9.52,12.92,22.58,13.97,37.20,6.42,1.08,26.42,23.02,64.18,8.73,50.63,49.54,49.41,48.74,60.23,49.59,37.26,47.85,47.77,83.36,61.56,93.52,97.14,112.90,86.93,87.02,107.16,128.48)


 ВАРИАНТ 13
Задания 1-2
X=(-10.82,-9.27,-9.65,-9.36,-9.27,-11.25,-9.89,-9.26,-11.15,-8.90,-11.02,-8.28,-9.18,-10.16,-10.59,-10.82,-9.05,-9.47,-10.98,-11.50,-8.64,-10.86,-10.76,-11.49,-11.09,-9.33,-9.32,-9.66,-8.79,-10.54,-9.12,-10.40,-8.59,-10.22,-9.06,-10.59,-10.60,-10.25,-9.35,-11.44,-9.81,-9.32,-9.95,-9.33,-10.64,-9.45,-10.99,-10.15,-10.39,-10.36,-10.49,-11.67,-10.00,-10.87,-11.11,-9.68,-10.77,-9.13,-8.62,-10.33,-11.36,-10.24,-9.41,-11.05,-10.15,-9.35,-11.45,-9.87,-10.41,-10.11,-10.84,-11.48,-7.77,-10.79,-9.88,-10.70,-9.07,-9.47,-10.15,-9.93,-11.52,-9.04,-10.93,-10.13,-9.56,-11.39,-9.79,-9.19,-11.09,-9.86,-10.67,-10.26,-9.07,-10.53,-11.24,-10.16,-11.33,-8.76,-8.88,-10.53,-10.12,-8.98,-9.84,-9.90,-10.13,-9.32,-9.31,-9.99,-8.55,-11.64,-11.32,-10.51,-11.71,-10.50,-10.50,-12.20,-11.68,-10.45,-7.88,-10.84)
Задание 3
T=(-5.00,-4.80,-4.60,-4.40,-4.20,-4.00,-3.80,-3.60,-3.40,-3.20,-3.00,-2.80,-2.60,-2.40,-2.20,-2.00,-1.80,-1.60,-1.40,-1.20,-1.00,-0.80,-0.60,-0.40,-0.20,0.00,0.20,0.40,0.60,0.80,1.00,1.20,1.40,1.60,1.80,2.00,2.20,2.40,2.60,2.80,3.00,3.20,3.40,3.60,3.80,4.00,4.20,4.40,4.60,4.80,5.00,5.20,5.40,5.60,5.80,6.00,6.20,6.40,6.60,6.80,7.00)
Y=(-72.73,-84.82,-67.46,-55.88,-78.31,-30.61,-29.77,-30.84,-11.14,-34.10,-39.78,-35.16,-29.01,-67.62,-1.11,25.64,-16.14,-9.74,-17.85,7.13,-3.05,1.28,9.60,-54.68,8.93,0.98,-11.05,4.46,-48.94,-4.80,8.95,-15.40,-26.75,8.66,17.39,25.98,13.12,13.31,-6.26,-18.68,4.41,-12.59,-13.70,-2.97,-13.08,-38.38,-39.81,-50.94,-53.23,-90.35,-22.52,-32.14,-100.10,-69.77,-80.73,-101.03,-112.55,-96.20,-93.58,-109.21,-124.62)


 ВАРИАНТ 14
Задания 1-2
X=(3.38,1.21,1.85,2.24,4.17,2.99,4.81,2.71,2.70,4.41,3.21,3.15,2.77,4.05,3.89,1.56,2.78,2.04,2.82,3.28,2.63,1.89,3.57,3.15,3.80,5.40,3.25,2.04,2.61,5.06,2.87,2.66,4.80,3.86,0.09,2.45,2.40,2.14,1.69,2.36,5.44,2.77,1.94,2.55,3.97,1.88,3.01,4.21,4.74,2.02,2.38,2.46,3.51,2.89,1.57,3.53,0.77,3.31,3.58,2.77,3.61,3.71,2.38,3.06,4.29,4.76,1.69,1.59,3.21,2.74,3.99,3.53,3.52,2.84,1.21,2.82,4.34,3.65,2.22,2.87,3.14,3.58,1.96,3.41,3.85,1.96,3.02,4.22,3.10,2.68,3.67,1.70,5.47,5.02,2.52,3.09,2.19,4.44,2.33,2.27,3.34,3.05,4.35,3.58,3.43,4.49,3.57,3.20,1.53,3.53,3.53,1.27,3.40,4.53,2.21,3.28,3.50,2.01,3.30,1.86)
Задание 3
T=(-5.00,-4.80,-4.60,-4.40,-4.20,-4.00,-3.80,-3.60,-3.40,-3.20,-3.00,-2.80,-2.60,-2.40,-2.20,-2.00,-1.80,-1.60,-1.40,-1.20,-1.00,-0.80,-0.60,-0.40,-0.20,0.00,0.20,0.40,0.60,0.80,1.00,1.20,1.40,1.60,1.80,2.00,2.20,2.40,2.60,2.80,3.00,3.20,3.40,3.60,3.80,4.00,4.20,4.40,4.60,4.80,5.00,5.20,5.40,5.60,5.80,6.00,6.20,6.40,6.60,6.80,7.00)
Y=(80.23,107.99,38.16,85.65,62.71,87.07,58.89,77.99,89.84,22.83,9.99,-3.24,9.85,28.62,29.94,-2.15,8.19,17.72,-19.35,16.01,16.05,35.79,21.10,4.05,39.06,-13.99,-1.90,5.11,21.50,1.73,22.51,33.19,3.83,29.11,35.49,11.20,5.56,51.26,68.52,45.24,35.00,73.20,44.28,57.92,75.85,48.73,122.52,97.79,131.17,50.43,128.47,108.73,110.35,129.32,131.21,142.10,195.30,189.48,164.23,153.30,220.74)


 ВАРИАНТ 15
Задания 1-2
X=(-2.79,-3.01,-4.07,-2.85,-2.43,-3.20,-3.72,-4.27,-5.48,-2.38,-4.69,-4.34,-5.08,-5.01,-4.08,-4.20,-4.74,-1.88,-3.25,-2.78,-3.56,-3.54,-3.79,-3.18,-5.08,-4.30,-2.86,-2.45,-3.08,-3.22,-2.76,-3.20,-3.33,-4.91,-4.06,-3.81,-3.96,-3.65,-3.77,-4.60,-5.21,-2.67,-1.95,-2.43,-1.73,-2.50,-3.96,-3.75,-2.70,-4.26,-3.42,-4.07,-4.74,-3.00,-4.37,-5.42,-5.00,-4.08,-2.46,-4.33,-4.08,-3.72,-4.09,-2.96,-3.71,-1.51,-3.70,-6.48,-4.26,-4.39,-3.16,-4.63,-2.66,-2.22,-4.79,-2.46,-3.69,-3.35,-2.32,-4.17,-3.85,-4.93,-2.05,-3.15,-3.49,-5.70,-2.53,-3.85,-4.32,-3.37,-3.98,-3.74,-5.28,-2.56,-3.21,-3.10,-3.78,-3.36,-3.32,-2.59,-2.45,-3.34,-3.20,-4.14,-4.00,-4.79,-4.02,-4.58,-4.45,-3.69,-4.53,-3.98,-4.51,-4.44,-3.78,-4.24,-4.00,-2.46,-2.58,-4.04)
Задание 3
T=(-5.00,-4.80,-4.60,-4.40,-4.20,-4.00,-3.80,-3.60,-3.40,-3.20,-3.00,-2.80,-2.60,-2.40,-2.20,-2.00,-1.80,-1.60,-1.40,-1.20,-1.00,-0.80,-0.60,-0.40,-0.20,0.00,0.20,0.40,0.60,0.80,1.00,1.20,1.40,1.60,1.80,2.00,2.20,2.40,2.60,2.80,3.00,3.20,3.40,3.60,3.80,4.00,4.20,4.40,4.60,4.80,5.00,5.20,5.40,5.60,5.80,6.00,6.20,6.40,6.60,6.80,7.00)
Y=(-181.97,-120.64,-71.95,-80.18,-135.02,-98.31,-59.45,-93.34,-77.37,-68.92,-32.87,-46.63,-42.34,-21.56,9.50,-26.51,-38.75,-2.60,53.04,24.05,-5.40,-15.57,26.01,10.25,2.46,-39.90,-3.74,-18.39,7.09,-18.46,-0.90,-24.40,-7.07,17.90,-12.34,-6.81,-3.63,-37.86,-31.02,-23.31,-31.23,-14.92,-48.24,-78.11,-41.39,-78.59,-68.16,-52.23,-141.16,-104.46,-120.24,-97.26,-106.41,-134.76,-170.37,-199.95,-166.22,-176.61,-209.04,-237.53,-226.30)


 ВАРИАНТ 16
Задания 1-2
X=(12.80,10.91,10.69,10.46,13.08,11.35,13.07,12.46,13.29,11.09,10.34,12.57,12.99,12.28,12.62,12.43,12.06,13.72,11.64,11.81,10.47,13.94,13.31,13.31,11.11,11.06,11.84,12.28,13.14,9.80,11.27,12.56,11.15,11.65,11.92,11.31,12.07,12.06,11.53,12.04,12.44,13.89,10.72,11.75,11.14,12.70,13.64,12.64,11.37,10.12,11.87,13.86,12.53,12.52,10.65,9.84,11.15,9.54,11.39,11.57,14.00,10.98,10.81,12.11,12.24,10.42,15.21,13.00,11.63,11.40,13.41,10.78,11.98,12.51,12.95,11.59,11.04,10.99,11.91,10.72,11.74,11.82,12.45,11.70,12.49,12.10,10.99,12.58,12.99,10.09,12.00,13.19,12.89,11.72,13.80,11.37,12.15,10.98,11.93,10.83,12.41,12.52,12.21,12.82,12.38,11.59,13.60,12.82,13.52,13.73,12.53,10.78,13.69,10.41,11.13,11.28,11.28,10.40,10.47,10.51)
Задание 3
T=(-5.00,-4.80,-4.60,-4.40,-4.20,-4.00,-3.80,-3.60,-3.40,-3.20,-3.00,-2.80,-2.60,-2.40,-2.20,-2.00,-1.80,-1.60,-1.40,-1.20,-1.00,-0.80,-0.60,-0.40,-0.20,0.00,0.20,0.40,0.60,0.80,1.00,1.20,1.40,1.60,1.80,2.00,2.20,2.40,2.60,2.80,3.00,3.20,3.40,3.60,3.80,4.00,4.20,4.40,4.60,4.80,5.00,5.20,5.40,5.60,5.80,6.00,6.20,6.40,6.60,6.80,7.00)
Y=(156.97,162.70,114.14,113.60,88.67,116.69,109.41,72.68,44.93,79.29,43.01,31.29,16.90,36.39,-5.23,59.00,-14.50,-10.53,20.98,12.55,-12.62,-6.25,27.26,43.87,-9.53,40.34,-21.97,58.52,31.65,-16.33,34.72,18.50,52.24,-12.50,-20.48,-19.40,34.55,79.25,59.48,92.41,80.86,53.41,60.29,83.39,64.81,132.87,189.28,109.13,125.75,137.51,163.02,183.57,145.00,189.42,253.00,236.73,255.72,242.04,300.35,289.80,337.25)


 ВАРИАНТ 17
Задания 1-2
X=(-13.40,-12.63,-13.65,-14.23,-13.39,-12.36,-13.52,-13.44,-13.87,-11.82,-12.01,-11.40,-13.02,-12.61,-13.06,-13.75,-13.55,-14.01,-11.75,-12.95,-12.59,-13.60,-12.76,-11.05,-13.15,-13.61,-11.73,-13.00,-12.66,-12.67,-12.60,-12.47,-13.52,-12.61,-11.93,-13.11,-13.22,-11.87,-13.44,-12.70,-11.78,-12.30,-12.89,-13.29,-12.48,-10.44,-12.55,-12.64,-12.03,-14.60,-14.56,-13.30,-11.32,-12.24,-11.17,-12.50,-13.25,-12.55,-12.85,-12.67,-12.41,-12.58,-12.10,-13.54,-12.69,-12.87,-12.71,-12.77,-13.30,-12.74,-12.73,-12.64,-12.18,-11.20,-12.40,-13.78,-13.71,-10.74,-11.89,-13.20,-11.31,-14.26,-10.38,-12.88,-11.39,-11.35,-12.55,-12.84,-10.25,-12.40,-14.01,-11.47,-13.14,-12.69,-11.92,-12.86,-13.06,-12.57,-13.63,-12.34,-12.84,-14.03,-13.34,-11.64,-13.58,-10.44,-11.37,-11.01,-13.80,-13.27,-12.32,-10.69,-12.92,-13.29,-12.58,-13.98,-11.46,-11.82,-12.33,-11.47)
Задание 3
T=(-5.00,-4.80,-4.60,-4.40,-4.20,-4.00,-3.80,-3.60,-3.40,-3.20,-3.00,-2.80,-2.60,-2.40,-2.20,-2.00,-1.80,-1.60,-1.40,-1.20,-1.00,-0.80,-0.60,-0.40,-0.20,0.00,0.20,0.40,0.60,0.80,1.00,1.20,1.40,1.60,1.80,2.00,2.20,2.40,2.60,2.80,3.00,3.20,3.40,3.60,3.80,4.00,4.20,4.40,4.60,4.80,5.00,5.20,5.40,5.60,5.80,6.00,6.20,6.40,6.60,6.80,7.00)
Y=(-145.02,-154.59,-127.47,-112.26,-125.11,-80.42,-87.56,-98.41,-72.26,-96.37,-70.93,-49.68,-27.80,-18.37,-31.65,-27.64,-4.91,4.65,-52.53,16.31,-7.21,8.55,15.23,-25.28,-1.77,-16.58,17.97,19.18,-6.14,32.22,-13.88,4.66,40.12,-23.26,-4.48,-42.84,-69.52,-53.49,5.99,-52.52,-57.79,-124.14,-101.06,-98.56,-87.03,-60.30,-105.69,-103.45,-144.88,-151.95,-155.07,-168.52,-204.88,-184.23,-236.07,-247.70,-222.73,-298.24,-278.16,-333.23,-307.84)


 ВАРИАНТ 18
Задания 1-2
X=(5.08,5.40,6.57,5.15,5.14,5.73,3.42,5.19,5.76,3.51,3.50,3.31,5.32,4.11,5.73,5.37,3.26,5.08,5.31,3.89,6.58,3.89,4.66,4.48,3.73,6.47,5.65,3.16,4.91,6.64,5.39,2.63,3.56,5.53,4.04,4.76,6.72,3.60,4.35,5.67,5.68,4.07,4.52,5.19,5.43,3.50,5.35,4.87,3.46,3.77,3.96,2.82,6.41,4.70,5.24,3.55,3.15,5.20,2.81,4.79,6.51,3.76,4.69,4.21,4.10,3.48,4.37,5.73,4.45,3.43,2.89,4.88,6.22,3.43,5.29,4.59,4.44,3.81,4.83,5.23,6.86,4.22,2.94,6.29,4.34,5.48,3.68,4.09,3.30,5.21,8.38,4.02,5.98,3.60,5.28,6.89,3.85,5.27,4.79,4.91,5.24,5.98,4.54,5.29,5.50,4.73,5.75,4.50,5.29,4.12,4.27,6.11,4.78,4.87,6.03,6.86,3.77,4.33,4.08,6.71)
Задание 3
T=(-5.00,-4.80,-4.60,-4.40,-4.20,-4.00,-3.80,-3.60,-3.40,-3.20,-3.00,-2.80,-2.60,-2.40,-2.20,-2.00,-1.80,-1.60,-1.40,-1.20,-1.00,-0.80,-0.60,-0.40,-0.20,0.00,0.20,0.40,0.60,0.80,1.00,1.20,1.40,1.60,1.80,2.00,2.20,2.40,2.60,2.80,3.00,3.20,3.40,3.60,3.80,4.00,4.20,4.40,4.60,4.80,5.00,5.20,5.40,5.60,5.80,6.00,6.20,6.40,6.60,6.80,7.00)
Y=(170.03,182.38,133.57,145.42,151.57,105.10,123.68,29.38,130.37,32.38,68.62,47.97,81.12,71.57,36.41,53.02,-13.34,-2.03,5.14,43.59,10.39,-0.28,3.99,-2.33,1.32,10.79,13.49,-5.02,-21.35,43.63,-27.66,5.20,-17.58,-3.28,5.03,81.28,95.88,44.65,68.23,97.04,22.50,133.24,133.86,124.59,148.46,118.09,97.44,158.99,210.76,226.12,239.74,191.80,258.61,253.79,286.63,281.53,354.26,358.41,371.70,389.25,377.95)


 ВАРИАНТ 19
Задания 1-2
X=(-5.05,-5.74,-6.39,-5.01,-4.94,-6.32,-4.73,-5.44,-4.79,-5.40,-4.50,-3.43,-5.21,-5.22,-5.07,-5.51,-4.45,-5.24,-6.50,-4.99,-5.42,-3.30,-5.06,-5.38,-6.48,-3.31,-5.56,-6.50,-5.22,-5.68,-4.80,-6.67,-4.95,-5.32,-5.68,-6.32,-3.72,-4.59,-6.33,-5.03,-4.49,-4.80,-6.04,-6.21,-3.60,-3.93,-5.89,-5.29,-7.41,-3.73,-6.61,-4.34,-5.99,-5.24,-4.08,-4.68,-5.38,-6.38,-4.66,-3.67,-4.61,-4.54,-4.51,-5.43,-6.47,-5.31,-4.30,-6.32,-5.82,-3.44,-5.92,-4.76,-4.45,-3.52,-4.91,-5.65,-5.02,-5.00,-5.26,-4.98,-6.16,-6.21,-4.42,-6.20,-5.84,-5.58,-5.34,-5.21,-5.78,-7.80,-5.21,-4.79,-4.53,-4.78,-6.39,-7.04,-4.82,-5.53,-3.52,-6.24,-3.58,-5.01,-5.79,-4.80,-6.04,-5.15,-7.03,-4.71,-4.38,-5.77,-4.05,-5.76,-5.86,-6.45,-4.81,-5.68,-7.48,-3.97,-5.16,-3.48)
Задание 3
T=(-5.00,-4.80,-4.60,-4.40,-4.20,-4.00,-3.80,-3.60,-3.40,-3.20,-3.00,-2.80,-2.60,-2.40,-2.20,-2.00,-1.80,-1.60,-1.40,-1.20,-1.00,-0.80,-0.60,-0.40,-0.20,0.00,0.20,0.40,0.60,0.80,1.00,1.20,1.40,1.60,1.80,2.00,2.20,2.40,2.60,2.80,3.00,3.20,3.40,3.60,3.80,4.00,4.20,4.40,4.60,4.80,5.00,5.20,5.40,5.60,5.80,6.00,6.20,6.40,6.60,6.80,7.00)
Y=(-253.37,-236.62,-193.32,-188.05,-149.44,-127.51,-106.97,-112.03,-95.27,-70.56,-61.77,-117.43,-69.22,-28.79,-74.60,-35.18,3.72,-15.71,0.43,-54.01,72.62,-32.85,55.28,30.34,39.19,7.96,35.28,29.10,28.70,9.23,76.80,-35.16,-45.88,-19.86,-14.07,38.24,-145.46,-22.59,-63.88,-57.63,-34.41,-95.74,-51.90,-126.58,-103.25,-82.14,-153.07,-138.02,-218.83,-205.56,-247.05,-173.40,-262.56,-218.01,-254.62,-297.92,-363.09,-412.19,-327.86,-392.97,-448.13)


 ВАРИАНТ 20
Задания 1-2
X=(14.90,14.40,13.56,15.55,13.97,16.33,14.37,13.46,15.51,14.69,13.41,14.24,15.65,14.54,13.55,13.15,14.32,15.04,13.27,14.60,13.83,13.93,14.11,14.15,15.48,15.96,14.46,13.87,13.67,15.30,13.95,16.08,18.25,14.93,15.37,14.38,15.56,13.92,14.23,12.80,13.16,13.89,14.24,13.90,12.82,13.20,13.89,13.50,13.44,16.13,14.68,15.27,13.35,13.62,16.16,16.46,13.83,14.13,15.68,15.22,12.59,12.94,13.09,16.54,14.61,14.63,14.17,13.34,16.74,16.30,13.74,15.02,14.96,15.87,16.03,12.87,14.32,14.48,14.57,14.43,12.61,14.52,15.29,12.07,14.58,11.74,14.97,14.31,12.94,12.82,14.13,14.48,12.25,14.39,15.08,12.87,14.25,15.12,15.35,12.27,14.43,13.85,13.16,16.77,14.47,14.89,14.95,14.55,12.80,15.26,13.32,14.92,13.44,13.48,12.81,15.01,13.19,14.68,14.44,14.89)
Задание 3
T=(-5.00,-4.80,-4.60,-4.40,-4.20,-4.00,-3.80,-3.60,-3.40,-3.20,-3.00,-2.80,-2.60,-2.40,-2.20,-2.00,-1.80,-1.60,-1.40,-1.20,-1.00,-0.80,-0.60,-0.40,-0.20,0.00,0.20,0.40,0.60,0.80,1.00,1.20,1.40,1.60,1.80,2.00,2.20,2.40,2.60,2.80,3.00,3.20,3.40,3.60,3.80,4.00,4.20,4.40,4.60,4.80,5.00,5.20,5.40,5.60,5.80,6.00,6.20,6.40,6.60,6.80,7.00)
Y=(225.96,186.80,261.84,200.97,173.33,209.66,75.95,147.49,139.24,54.85,115.25,56.22,76.73,54.45,58.24,35.86,-5.35,77.81,5.12,-27.47,73.61,-26.68,4.57,17.00,42.38,42.83,72.84,-39.51,-17.52,-17.91,54.92,55.14,31.80,-5.81,56.58,43.14,58.48,73.58,102.60,106.53,93.95,87.04,183.13,173.64,136.74,209.98,228.72,211.79,217.11,247.58,276.88,346.02,299.57,279.16,309.03,389.60,394.49,461.85,424.20,450.74,557.03)


 ВАРИАНТ 21
Задания 1-2
X=(-14.34,-16.97,-14.09,-14.74,-16.69,-13.85,-15.55,-14.62,-13.30,-15.52,-14.75,-16.51,-17.15,-16.87,-15.06,-13.60,-14.48,-14.71,-14.17,-13.88,-14.55,-15.37,-14.81,-16.05,-17.06,-15.86,-15.12,-15.98,-14.16,-15.81,-15.06,-16.19,-16.22,-16.19,-14.87,-15.62,-15.86,-15.25,-16.34,-14.44,-14.72,-15.17,-15.24,-14.44,-15.93,-14.87,-16.53,-15.76,-15.12,-12.91,-16.06,-16.06,-14.89,-15.57,-13.59,-16.84,-13.88,-14.33,-15.45,-16.58,-16.05,-14.34,-13.55,-16.78,-14.15,-14.28,-14.40,-13.98,-16.23,-15.35,-14.77,-15.61,-15.59,-15.64,-14.76,-17.18,-15.13,-15.01,-14.21,-13.91,-16.55,-15.44,-14.03,-16.44,-15.57,-15.07,-16.28,-16.30,-15.74,-14.03,-14.85,-15.73,-15.81,-14.42,-14.14,-15.14,-15.49,-16.42,-14.22,-14.20,-17.17,-15.82,-14.96,-14.75,-14.98,-13.64,-14.00,-17.29,-14.51,-16.18,-15.70,-15.07,-14.28,-14.55,-13.85,-15.36,-15.74,-14.61,-16.32,-15.34)
Задание 3
T=(-5.00,-4.80,-4.60,-4.40,-4.20,-4.00,-3.80,-3.60,-3.40,-3.20,-3.00,-2.80,-2.60,-2.40,-2.20,-2.00,-1.80,-1.60,-1.40,-1.20,-1.00,-0.80,-0.60,-0.40,-0.20,0.00,0.20,0.40,0.60,0.80,1.00,1.20,1.40,1.60,1.80,2.00,2.20,2.40,2.60,2.80,3.00,3.20,3.40,3.60,3.80,4.00,4.20,4.40,4.60,4.80,5.00,5.20,5.40,5.60,5.80,6.00,6.20,6.40,6.60,6.80,7.00)
Y=(-236.04,-253.48,-232.35,-247.55,-222.75,-201.34,-139.31,-170.51,-152.91,-122.87,-119.84,-110.20,-57.02,-25.21,-56.48,-45.26,-47.46,-14.12,-29.53,-14.95,10.58,-25.62,-4.92,-33.95,4.28,-15.25,24.84,7.53,13.67,-5.05,-41.15,57.62,-7.01,-7.50,39.75,-43.07,-58.20,-38.27,-74.74,-111.36,-68.07,-92.25,-182.48,-40.83,-157.26,-153.42,-182.27,-218.78,-197.86,-207.58,-211.20,-340.90,-331.21,-322.67,-360.29,-411.15,-410.60,-465.89,-490.31,-498.84,-525.88)


 ВАРИАНТ 22
Задания 1-2
X=(7.76,5.96,4.58,6.13,5.05,6.40,7.46,5.55,5.01,3.79,7.65,8.87,5.94,7.25,6.76,6.92,6.68,4.89,7.47,6.53,6.76,6.96,6.58,7.92,8.47,6.27,8.05,5.24,5.60,6.69,7.55,6.02,7.34,6.81,7.22,6.39,6.40,8.28,5.39,5.68,6.71,7.89,5.69,5.18,7.84,7.18,7.54,6.04,4.58,6.82,4.45,6.75,5.28,7.42,6.88,7.10,5.24,9.12,7.37,5.50,5.52,6.34,5.31,7.71,6.88,6.45,7.51,6.21,7.44,6.15,6.25,5.59,6.68,6.52,4.03,5.35,6.53,3.68,5.91,6.68,6.18,7.80,7.17,7.31,4.48,5.69,7.11,6.87,6.14,4.73,6.60,5.61,7.32,6.75,6.28,6.41,7.31,6.68,7.26,7.94,7.67,4.72,6.01,5.79,7.38,5.98,5.36,6.43,7.25,5.54,6.66,6.47,6.84,6.13,6.21,5.52,6.33,7.55,6.24,7.84)
Задание 3
T=(-5.00,-4.80,-4.60,-4.40,-4.20,-4.00,-3.80,-3.60,-3.40,-3.20,-3.00,-2.80,-2.60,-2.40,-2.20,-2.00,-1.80,-1.60,-1.40,-1.20,-1.00,-0.80,-0.60,-0.40,-0.20,0.00,0.20,0.40,0.60,0.80,1.00,1.20,1.40,1.60,1.80,2.00,2.20,2.40,2.60,2.80,3.00,3.20,3.40,3.60,3.80,4.00,4.20,4.40,4.60,4.80,5.00,5.20,5.40,5.60,5.80,6.00,6.20,6.40,6.60,6.80,7.00)
Y=(331.56,297.52,192.12,203.47,147.65,174.00,147.17,180.23,134.26,158.04,110.78,119.47,75.33,109.34,62.34,16.75,42.12,13.32,44.18,15.68,7.12,43.62,6.96,2.89,6.62,10.96,-8.40,33.49,15.37,1.28,56.89,27.64,46.86,49.76,14.63,77.87,69.01,64.19,66.93,68.73,103.86,170.32,181.77,184.81,183.13,231.15,276.36,230.43,283.05,306.73,308.14,389.43,394.39,349.88,427.84,486.09,461.00,529.26,473.55,559.20,599.68)


 ВАРИАНТ 23
Задания 1-2
X=(-7.50,-6.61,-7.85,-7.72,-8.96,-6.55,-7.82,-6.55,-6.87,-5.95,-5.05,-4.56,-6.14,-6.83,-6.33,-7.67,-4.65,-6.30,-8.01,-5.88,-5.38,-7.06,-6.85,-5.53,-7.83,-5.89,-7.57,-6.76,-6.02,-4.62,-8.55,-6.37,-7.52,-5.78,-6.12,-8.82,-5.14,-7.68,-6.14,-6.48,-7.14,-6.25,-7.32,-5.51,-6.97,-7.86,-7.04,-6.24,-6.41,-6.00,-7.46,-6.00,-6.06,-5.94,-5.39,-5.06,-6.91,-8.06,-7.24,-6.42,-8.73,-6.20,-7.35,-5.90,-5.02,-5.93,-7.56,-7.49,-6.26,-6.06,-7.35,-5.10,-6.52,-7.97,-5.71,-7.62,-7.33,-5.31,-6.21,-7.28,-7.99,-4.65,-7.07,-7.31,-7.72,-5.22,-7.00,-7.17,-6.64,-7.00,-6.12,-6.57,-6.07,-6.65,-7.60,-6.92,-6.78,-6.85,-7.90,-7.40,-5.32,-6.58,-6.71,-5.07,-5.80,-4.87,-5.90,-7.43,-7.03,-6.67,-7.72,-5.83,-7.49,-6.68,-6.71,-7.31,-7.83,-7.92,-5.97,-6.34)
Задание 3
T=(-5.00,-4.80,-4.60,-4.40,-4.20,-4.00,-3.80,-3.60,-3.40,-3.20,-3.00,-2.80,-2.60,-2.40,-2.20,-2.00,-1.80,-1.60,-1.40,-1.20,-1.00,-0.80,-0.60,-0.40,-0.20,0.00,0.20,0.40,0.60,0.80,1.00,1.20,1.40,1.60,1.80,2.00,2.20,2.40,2.60,2.80,3.00,3.20,3.40,3.60,3.80,4.00,4.20,4.40,4.60,4.80,5.00,5.20,5.40,5.60,5.80,6.00,6.20,6.40,6.60,6.80,7.00)
Y=(-378.70,-326.68,-258.78,-315.20,-226.48,-215.10,-221.98,-132.74,-159.72,-109.22,-115.43,-62.23,-109.62,-41.70,-24.71,-72.98,-58.58,-22.46,29.28,-26.16,-25.81,8.50,-47.03,-38.50,-9.20,-17.09,6.16,-20.11,-23.12,54.74,67.33,1.99,-81.52,25.25,-79.41,-54.75,-106.63,-78.26,-78.90,-18.62,-122.77,-118.61,-60.08,-142.82,-189.28,-190.67,-216.49,-264.17,-251.21,-300.93,-309.26,-378.69,-399.47,-382.82,-392.13,-483.05,-504.75,-498.64,-524.92,-593.44,-625.60)


 ВАРИАНТ 24
Задания 1-2
X=(16.62,15.49,16.84,17.42,17.71,18.30,16.79,15.96,16.72,16.35,16.00,15.55,14.49,16.52,16.67,17.11,16.31,17.35,16.41,15.99,15.67,17.04,15.88,16.96,18.41,16.68,15.72,18.32,16.33,17.02,15.59,17.33,16.24,15.53,17.70,17.27,16.70,16.10,17.22,17.62,16.24,15.76,16.77,17.22,17.63,18.67,16.01,18.17,15.01,16.49,17.23,15.63,20.28,15.66,13.95,16.52,14.88,16.73,15.86,16.98,18.36,15.69,15.43,17.35,15.37,16.63,14.97,17.40,16.22,16.15,15.91,18.13,18.58,15.30,13.53,16.36,15.99,16.13,17.55,17.80,17.85,16.97,16.49,15.92,16.45,15.74,17.05,16.10,14.51,16.78,17.97,15.32,17.78,16.60,17.50,16.09,15.82,17.98,15.75,17.52,15.36,17.26,16.63,19.31,18.88,15.08,18.32,16.85,16.03,18.49,18.05,17.42,17.43,15.71,17.69,16.90,16.05,16.97,16.45,15.94)
Задание 3
T=(-5.00,-4.80,-4.60,-4.40,-4.20,-4.00,-3.80,-3.60,-3.40,-3.20,-3.00,-2.80,-2.60,-2.40,-2.20,-2.00,-1.80,-1.60,-1.40,-1.20,-1.00,-0.80,-0.60,-0.40,-0.20,0.00,0.20,0.40,0.60,0.80,1.00,1.20,1.40,1.60,1.80,2.00,2.20,2.40,2.60,2.80,3.00,3.20,3.40,3.60,3.80,4.00,4.20,4.40,4.60,4.80,5.00,5.20,5.40,5.60,5.80,6.00,6.20,6.40,6.60,6.80,7.00)
Y=(357.89,328.19,338.69,302.52,222.63,230.66,285.83,188.28,134.28,184.06,130.48,71.18,123.50,119.81,46.65,28.39,64.77,-21.92,72.88,-6.98,73.78,14.16,-7.72,89.61,-4.56,-25.11,-73.56,59.97,-11.28,35.65,-52.83,58.29,73.57,121.95,83.78,63.37,41.11,59.09,115.95,106.20,127.41,232.92,216.91,225.40,188.17,269.50,233.16,318.48,319.10,376.08,342.12,407.15,485.78,449.10,458.21,518.96,533.41,588.17,668.08,722.54,736.59)


 ВАРИАНТ 25
Задания 1-2
X=(-17.04,-18.29,-17.38,-18.11,-18.96,-17.65,-17.02,-17.22,-16.25,-17.44,-17.69,-17.61,-17.09,-17.19,-16.02,-17.56,-16.94,-17.29,-16.93,-16.61,-19.38,-17.53,-16.39,-17.89,-17.98,-17.04,-16.22,-19.09,-18.91,-17.77,-18.30,-17.44,-18.84,-16.39,-16.13,-18.37,-16.37,-16.70,-17.78,-17.03,-17.76,-17.87,-17.20,-18.44,-17.19,-17.75,-16.81,-17.97,-18.03,-16.87,-16.10,-19.16,-16.51,-18.39,-16.48,-18.08,-17.49,-18.89,-19.09,-17.96,-18.40,-16.96,-18.15,-18.71,-17.81,-17.86,-19.47,-17.86,-17.60,-17.30,-17.60,-17.71,-18.42,-16.88,-16.76,-18.00,-17.97,-16.83,-18.00,-18.08,-17.61,-17.02,-16.73,-17.64,-18.76,-17.68,-18.04,-16.45,-18.79,-18.03,-17.38,-15.27,-15.97,-17.41,-18.61,-18.00,-17.42,-17.77,-19.05,-16.16,-16.27,-18.00,-18.90,-17.05,-17.46,-17.49,-18.20,-17.59,-15.78,-18.88,-18.53,-17.39,-17.83,-18.17,-16.15,-17.66,-17.76,-18.32,-17.70,-17.56)
Задание 3
T=(-5.00,-4.80,-4.60,-4.40,-4.20,-4.00,-3.80,-3.60,-3.40,-3.20,-3.00,-2.80,-2.60,-2.40,-2.20,-2.00,-1.80,-1.60,-1.40,-1.20,-1.00,-0.80,-0.60,-0.40,-0.20,0.00,0.20,0.40,0.60,0.80,1.00,1.20,1.40,1.60,1.80,2.00,2.20,2.40,2.60,2.80,3.00,3.20,3.40,3.60,3.80,4.00,4.20,4.40,4.60,4.80,5.00,5.20,5.40,5.60,5.80,6.00,6.20,6.40,6.60,6.80,7.00)
Y=(-397.71,-341.49,-274.29,-272.93,-206.55,-249.46,-181.97,-167.97,-193.55,-119.06,-73.70,-100.78,-118.17,-136.01,-63.88,-81.32,-47.68,35.13,-64.95,9.88,-41.06,-20.87,13.04,-10.15,46.43,17.90,33.07,-43.71,52.86,47.94,-48.63,-18.50,1.56,-15.83,-16.59,-1.14,-109.69,-55.97,-111.94,-49.34,-198.24,-123.18,-214.12,-222.53,-198.47,-270.38,-280.07,-309.58,-359.92,-281.51,-416.02,-422.50,-417.13,-512.30,-507.17,-490.25,-601.41,-611.14,-667.17,-699.90,-719.87)


 ВАРИАНТ 26
Задания 1-2
X=(10.06,8.32,8.50,8.82,6.02,6.44,7.90,7.85,5.90,7.62,8.66,6.38,7.24,8.21,6.82,7.43,6.06,8.21,9.07,5.85,6.72,8.17,8.53,8.68,7.21,8.43,8.77,7.27,5.79,9.78,6.44,7.24,6.83,6.61,7.58,10.15,8.82,7.87,7.35,9.60,5.82,6.65,10.15,6.92,6.77,9.35,6.92,7.76,6.45,7.47,6.99,9.95,7.22,7.38,7.87,6.24,8.00,8.47,7.25,7.03,7.45,6.75,7.37,7.98,9.58,8.91,6.14,8.19,5.07,7.47,7.29,8.78,7.86,7.82,10.09,8.54,7.21,8.57,6.67,9.82,9.26,9.69,8.39,8.26,7.44,6.58,8.45,7.49,7.16,9.17,8.16,8.38,7.60,8.53,6.10,7.39,7.70,8.45,7.73,9.21,8.02,7.62,6.90,9.55,5.73,7.21,6.14,7.54,9.87,8.14,8.16,7.50,7.60,6.25,7.03,7.07,6.61,9.68,7.65,8.32)
Задание 3
T=(-5.00,-4.80,-4.60,-4.40,-4.20,-4.00,-3.80,-3.60,-3.40,-3.20,-3.00,-2.80,-2.60,-2.40,-2.20,-2.00,-1.80,-1.60,-1.40,-1.20,-1.00,-0.80,-0.60,-0.40,-0.20,0.00,0.20,0.40,0.60,0.80,1.00,1.20,1.40,1.60,1.80,2.00,2.20,2.40,2.60,2.80,3.00,3.20,3.40,3.60,3.80,4.00,4.20,4.40,4.60,4.80,5.00,5.20,5.40,5.60,5.80,6.00,6.20,6.40,6.60,6.80,7.00)
Y=(430.98,374.58,332.96,298.53,272.76,244.71,251.34,204.86,177.44,162.26,131.38,108.29,40.65,92.43,79.25,41.88,85.55,15.80,87.68,99.36,50.52,-21.94,-46.30,8.08,58.75,-81.45,78.98,43.31,84.70,11.70,17.70,28.37,46.03,44.19,98.39,83.43,82.72,118.17,68.39,149.32,156.20,192.85,191.87,284.01,246.53,241.26,269.22,301.30,375.81,381.93,426.70,428.06,488.57,464.02,559.36,566.84,611.49,696.44,680.70,695.45,795.42)


 ВАРИАНТ 27
Задания 1-2
X=(-7.89,-8.91,-9.15,-9.09,-8.62,-8.84,-7.88,-6.61,-8.42,-7.94,-7.80,-7.48,-8.00,-8.28,-8.43,-9.16,-8.13,-7.41,-8.95,-7.60,-7.99,-8.05,-8.72,-8.86,-8.74,-9.64,-7.08,-8.01,-9.51,-9.18,-8.29,-8.32,-8.50,-8.68,-8.90,-7.52,-8.03,-7.73,-8.09,-8.06,-7.20,-8.51,-7.03,-9.05,-7.78,-10.38,-9.12,-8.06,-7.07,-8.83,-7.10,-9.11,-7.37,-8.18,-9.92,-8.43,-7.23,-7.16,-9.10,-8.73,-8.20,-9.00,-8.28,-9.05,-7.97,-8.80,-8.39,-8.32,-7.02,-7.34,-7.34,-7.79,-7.27,-8.62,-7.04,-8.83,-7.19,-8.62,-8.32,-8.40,-7.18,-7.80,-8.04,-9.30,-8.38,-9.54,-8.67,-10.07,-8.17,-6.94,-8.22,-7.30,-8.89,-8.31,-8.50,-7.75,-6.59,-8.31,-7.97,-9.65,-9.05,-9.77,-8.42,-7.86,-9.32,-7.16,-8.06,-8.85,-7.85,-9.04,-9.09,-8.38,-7.43,-9.19,-8.66,-8.84,-7.48,-8.70,-8.10,-9.06)
Задание 3
T=(-5.00,-4.80,-4.60,-4.40,-4.20,-4.00,-3.80,-3.60,-3.40,-3.20,-3.00,-2.80,-2.60,-2.40,-2.20,-2.00,-1.80,-1.60,-1.40,-1.20,-1.00,-0.80,-0.60,-0.40,-0.20,0.00,0.20,0.40,0.60,0.80,1.00,1.20,1.40,1.60,1.80,2.00,2.20,2.40,2.60,2.80,3.00,3.20,3.40,3.60,3.80,4.00,4.20,4.40,4.60,4.80,5.00,5.20,5.40,5.60,5.80,6.00,6.20,6.40,6.60,6.80,7.00)
Y=(-376.48,-448.73,-466.55,-328.65,-395.11,-242.72,-246.93,-225.08,-204.20,-190.36,-145.50,-89.72,-123.17,-73.00,-30.00,-43.09,-142.44,-21.36,15.07,19.35,62.57,-40.72,11.72,-55.30,49.52,110.56,80.07,44.09,-89.32,-2.83,-78.93,-97.64,-50.26,14.25,37.02,-58.93,8.06,-103.36,-58.14,-118.78,-208.64,-128.02,-148.36,-163.13,-194.39,-223.56,-295.84,-266.76,-321.68,-282.04,-321.88,-377.06,-446.71,-457.68,-481.17,-542.68,-654.33,-728.74,-764.22,-794.80,-806.48)


 ВАРИАНТ 28
Задания 1-2
X=(19.02,19.49,19.74,19.13,18.92,19.50,18.97,18.75,21.35,17.64,20.66,19.69,19.02,19.60,19.95,21.36,19.33,19.34,17.28,18.57,19.36,21.42,20.02,18.98,19.64,18.10,19.75,17.78,19.73,21.11,19.14,19.71,18.74,21.32,21.05,18.88,18.22,19.79,19.18,19.19,20.10,18.25,20.35,19.92,21.99,17.09,20.48,17.62,18.88,19.12,17.79,19.68,20.69,19.44,19.58,17.96,20.16,18.53,19.63,18.38,20.72,16.73,19.52,19.51,20.21,20.89,18.76,19.75,18.56,21.15,19.16,19.55,19.85,18.59,18.86,18.46,19.01,18.77,18.24,20.07,21.06,18.81,17.76,21.41,19.84,20.35,18.83,21.35,18.84,19.65,18.46,16.96,19.59,21.54,20.54,18.85,18.90,21.21,19.68,19.56,17.15,19.90,20.80,19.17,19.70,19.90,18.90,18.87,19.75,21.84,18.92,19.97,21.13,18.29,19.03,19.43,18.43,18.83,17.97,18.04)
Задание 3
T=(-5.00,-4.80,-4.60,-4.40,-4.20,-4.00,-3.80,-3.60,-3.40,-3.20,-3.00,-2.80,-2.60,-2.40,-2.20,-2.00,-1.80,-1.60,-1.40,-1.20,-1.00,-0.80,-0.60,-0.40,-0.20,0.00,0.20,0.40,0.60,0.80,1.00,1.20,1.40,1.60,1.80,2.00,2.20,2.40,2.60,2.80,3.00,3.20,3.40,3.60,3.80,4.00,4.20,4.40,4.60,4.80,5.00,5.20,5.40,5.60,5.80,6.00,6.20,6.40,6.60,6.80,7.00)
Y=(467.61,371.15,335.91,285.37,343.44,336.83,213.73,204.44,257.62,195.58,237.14,142.99,123.78,111.91,41.62,83.29,142.99,31.88,47.13,-14.72,102.70,51.31,6.98,79.83,-53.48,20.10,14.05,33.18,28.22,20.03,42.20,26.51,19.88,41.26,58.08,118.61,121.98,117.93,96.13,175.99,219.96,196.92,197.41,320.77,318.37,284.27,300.90,436.78,349.34,455.60,468.46,531.39,549.76,621.12,626.41,644.54,663.75,744.61,746.46,911.10,816.09)


 ВАРИАНТ 29
Задания 1-2
X=(-19.67,-19.47,-20.84,-19.19,-19.02,-20.24,-18.98,-20.29,-20.62,-22.26,-18.49,-20.58,-20.26,-19.82,-19.99,-20.83,-20.23,-19.81,-20.96,-19.48,-21.65,-21.02,-19.90,-19.64,-19.37,-19.81,-21.51,-19.69,-19.68,-19.69,-21.21,-21.65,-19.88,-20.45,-20.66,-19.35,-19.82,-21.48,-19.55,-19.07,-19.51,-19.94,-19.78,-20.99,-20.11,-18.54,-19.57,-19.96,-18.99,-19.67,-20.73,-18.98,-21.02,-18.62,-21.26,-20.86,-17.60,-20.47,-19.63,-19.60,-19.43,-20.15,-20.85,-20.39,-19.70,-20.25,-19.62,-19.00,-19.69,-19.92,-20.73,-21.06,-19.67,-18.67,-20.17,-20.15,-18.92,-20.87,-20.08,-20.51,-20.62,-19.47,-19.38,-19.64,-19.42,-20.54,-19.10,-19.93,-20.47,-18.50,-19.89,-20.22,-19.32,-19.23,-18.94,-21.36,-20.86,-20.77,-20.82,-20.33,-21.39,-21.20,-21.47,-19.21,-19.42,-20.29,-20.83,-20.08,-20.02,-20.13,-20.48,-19.98,-18.74,-19.00,-19.76,-21.03,-19.40,-18.74,-19.56,-19.92)
Задание 3
T=(-5.00,-4.80,-4.60,-4.40,-4.20,-4.00,-3.80,-3.60,-3.40,-3.20,-3.00,-2.80,-2.60,-2.40,-2.20,-2.00,-1.80,-1.60,-1.40,-1.20,-1.00,-0.80,-0.60,-0.40,-0.20,0.00,0.20,0.40,0.60,0.80,1.00,1.20,1.40,1.60,1.80,2.00,2.20,2.40,2.60,2.80,3.00,3.20,3.40,3.60,3.80,4.00,4.20,4.40,4.60,4.80,5.00,5.20,5.40,5.60,5.80,6.00,6.20,6.40,6.60,6.80,7.00)
Y=(-464.52,-373.71,-361.88,-387.38,-344.81,-308.00,-257.46,-248.52,-205.18,-188.90,-165.65,-141.42,-194.50,-168.48,-116.25,-118.47,-134.12,-28.37,-17.75,-18.54,46.66,116.83,-44.71,-8.21,-33.61,-9.66,12.72,-29.95,-19.66,-7.81,35.88,-19.89,-40.64,-45.39,-27.15,-43.25,-157.77,-65.36,-45.96,-167.55,-190.69,-158.00,-192.16,-213.33,-279.44,-304.23,-293.23,-369.31,-398.08,-431.89,-428.90,-474.22,-559.84,-581.48,-521.76,-686.37,-720.42,-775.14,-805.92,-828.87,-905.18)


 ВАРИАНТ 30
Задания 1-2
X=(9.18,9.10,9.46,9.12,9.59,9.17,8.25,9.75,10.36,9.35,10.80,8.76,9.71,9.53,9.51,9.04,10.71,8.87,9.98,9.03,8.51,8.65,12.16,9.07,9.57,8.81,10.69,9.56,9.72,9.31,7.74,8.00,8.41,8.31,8.32,9.02,10.37,8.97,11.06,9.19,9.08,10.54,10.19,9.91,9.33,9.96,10.76,11.54,8.11,9.40,8.89,8.46,11.73,10.25,8.59,9.30,8.30,10.61,9.94,8.60,9.65,9.27,8.17,8.09,10.21,8.36,9.29,6.67,9.40,10.19,11.69,8.10,9.18,10.84,9.51,7.70,10.91,10.38,9.41,11.62,9.41,9.14,9.19,10.33,8.20,12.25,8.04,9.69,9.19,10.59,10.78,9.67,8.56,7.93,11.06,8.97,9.28,10.33,9.35,7.79,11.62,9.25,10.58,10.48,8.95,8.91,11.59,10.69,8.81,8.98,9.78,11.54,10.82,9.28,9.74,9.31,10.31,9.39,9.45,9.44)
Задание 3
T=(-5.00,-4.80,-4.60,-4.40,-4.20,-4.00,-3.80,-3.60,-3.40,-3.20,-3.00,-2.80,-2.60,-2.40,-2.20,-2.00,-1.80,-1.60,-1.40,-1.20,-1.00,-0.80,-0.60,-0.40,-0.20,0.00,0.20,0.40,0.60,0.80,1.00,1.20,1.40,1.60,1.80,2.00,2.20,2.40,2.60,2.80,3.00,3.20,3.40,3.60,3.80,4.00,4.20,4.40,4.60,4.80,5.00,5.20,5.40,5.60,5.80,6.00,6.20,6.40,6.60,6.80,7.00)
Y=(520.03,490.83,472.73,351.20,384.34,321.47,271.03,251.33,299.26,200.44,163.42,236.09,116.65,118.04,114.23,133.03,62.81,101.11,8.39,64.08,63.37,-74.98,16.72,7.42,19.93,-70.04,-11.28,13.07,51.78,0.48,33.34,-68.74,71.50,73.28,118.58,42.14,169.68,146.29,105.97,165.31,155.35,277.65,240.09,242.41,351.33,305.23,343.05,373.47,407.58,453.75,504.02,520.42,554.12,596.57,738.28,737.10,814.33,893.19,875.95,989.46,1052.25)
